

################ Parámetros ################

rows: 5
columns: 5
block size: 1

################Tiempos ################

Z-order: 0.000002 seconds
Column-major: 0.000001 seconds
Row-major: 0.000001 seconds


################ Valores y direcciones ################


A (5 x 5):

|4  (42d0) 3  (42d4) 7  (42d8) 8  (42dc) 7  (42e0)|
|9  (42f0) 6  (42f4) 1  (42f8) 5  (42fc) 2  (4300)|
|7  (4310) 9  (4314) 6  (4318) 3  (431c) 2  (4320)|
|4  (4330) 0  (4334) 1  (4338) 8  (433c) 5  (4340)|
|0  (4350) 7  (4354) 9  (4358) 8  (435c) 7  (4360)|

B (5 x 5):

|1  (43a0) 7  (43a4) 4  (43a8) 7  (43ac) 7  (43b0)|
|6  (43c0) 3  (43c4) 0  (43c8) 5  (43cc) 2  (43d0)|
|8  (43e0) 4  (43e4) 8  (43e8) 1  (43ec) 1  (43f0)|
|0  (4400) 0  (4404) 0  (4408) 6  (440c) 5  (4410)|
|2  (4420) 0  (4424) 7  (4428) 5  (442c) 1  (4430)|

C_rows (5 x 5):

|92  (4470) 65  (4474) 121  (4478) 133  (447c) 88  (4480)|
|57  (4490) 85  (4494) 58  (4498) 134  (449c) 103  (44a0)|
|113  (44b0) 100  (44b4) 90  (44b8) 128  (44bc) 90  (44c0)|
|22  (44d0) 32  (44d4) 59  (44d8) 102  (44dc) 74  (44e0)|
|128  (44f0) 57  (44f4) 121  (44f8) 127  (44fc) 70  (4500)|

C_columns (5 x 5):

|92  (4540) 65  (4544) 121  (4548) 133  (454c) 88  (4550)|
|57  (4560) 85  (4564) 58  (4568) 134  (456c) 103  (4570)|
|113  (4580) 100  (4584) 90  (4588) 128  (458c) 90  (4590)|
|22  (45a0) 32  (45a4) 59  (45a8) 102  (45ac) 74  (45b0)|
|128  (45c0) 57  (45c4) 121  (45c8) 127  (45cc) 70  (45d0)|

C_zorder (5 x 5):

|92  (4610) 65  (4614) 121  (4618) 133  (461c) 88  (4620)|
|57  (4630) 85  (4634) 58  (4638) 134  (463c) 103  (4640)|
|113  (4650) 100  (4654) 90  (4658) 128  (465c) 90  (4660)|
|22  (4670) 32  (4674) 59  (4678) 102  (467c) 74  (4680)|
|128  (4690) 57  (4694) 121  (4698) 127  (469c) 70  (46a0)|
